epoch:0 0.2236  0.2923  0.2671  0.1128  0.2426  0.3085  0.5308  0.5359  0.5359  0.2568  0.5660  0.6500  0.5972  0.001000
epoch:1 0.1946  0.2727  0.2292  0.1660  0.2295  0.1915  0.3708  0.3732  0.3732  0.2412  0.4249  0.3494  0.2410  0.001000
epoch:2 0.3625  0.4776  0.4202  0.1739  0.4110  0.3401  0.5077  0.5130  0.5130  0.2983  0.5767  0.5307  0.1880  0.001000
epoch:3 0.3226  0.4470  0.3693  0.2376  0.3750  0.3057  0.4754  0.4839  0.4839  0.3584  0.5636  0.4392  0.1738  0.001000
epoch:4 0.2842  0.3896  0.3210  0.2292  0.3596  0.2374  0.4404  0.4451  0.4451  0.3472  0.5170  0.4040  0.1586  0.001000
epoch:5 0.3279  0.4271  0.3754  0.2382  0.4241  0.3373  0.4898  0.5005  0.5005  0.3238  0.5924  0.5316  0.1635  0.001000
epoch:6 0.2864  0.3919  0.3372  0.1601  0.3424  0.3254  0.4212  0.4318  0.4322  0.2268  0.4834  0.4957  0.1594  0.001000
epoch:7 0.2113  0.3095  0.2369  0.1974  0.3097  0.2028  0.3239  0.3357  0.3362  0.2668  0.4255  0.3299  0.1687  0.001000
epoch:8 0.3990  0.5346  0.4696  0.1943  0.4916  0.4154  0.5259  0.5350  0.5354  0.2810  0.6269  0.5743  0.1574  0.001000
epoch:9 0.3638  0.4692  0.4029  0.2155  0.4377  0.3391  0.4500  0.4523  0.4523  0.2871  0.5256  0.4184  0.0837  0.000100
epoch:10 0.4620  0.5815  0.5136  0.2130  0.5520  0.5357  0.5366  0.5380  0.5381  0.2903  0.6284  0.6105  0.0715  0.000100
epoch:11 0.4863  0.5979  0.5459  0.2285  0.5591  0.5564  0.5582  0.5615  0.5615  0.2920  0.6353  0.6365  0.0675  0.000100
epoch:12 0.3639  0.4760  0.3993  0.1739  0.4406  0.3541  0.4396  0.4406  0.4406  0.2233  0.5215  0.4690  0.0638  0.000100
epoch:13 0.4912  0.6053  0.5553  0.1483  0.5849  0.6247  0.5569  0.5587  0.5587  0.1967  0.6535  0.6914  0.0611  0.000100
epoch:14 0.3899  0.4986  0.4362  0.1524  0.4871  0.4715  0.4538  0.4546  0.4546  0.2037  0.5523  0.5434  0.0591  0.000100
epoch:15 0.2912  0.3912  0.3330  0.1261  0.3812  0.2946  0.3520  0.3529  0.3529  0.1459  0.4418  0.3672  0.0575  0.000100
epoch:16 0.4188  0.5186  0.4710  0.1604  0.5310  0.4873  0.4983  0.5010  0.5010  0.2156  0.5975  0.5711  0.0558  0.000100
epoch:17 0.4320  0.5314  0.4876  0.2062  0.5323  0.4583  0.5064  0.5087  0.5087  0.2419  0.5999  0.5395  0.0545  0.000100
epoch:18 0.2137  0.2988  0.2412  0.0582  0.2958  0.2259  0.2706  0.2710  0.2710  0.0739  0.3390  0.2891  0.0476  0.000010
epoch:19 0.4150  0.5271  0.4606  0.1773  0.4826  0.5167  0.4804  0.4819  0.4819  0.2211  0.5565  0.5866  0.0462  0.000010
