epoch:0 0.1674  0.2242  0.1921  0.0898  0.2262  0.2230  0.3701  0.3758  0.3758  0.1828  0.4624  0.4287  0.5388  0.001000
epoch:1 0.2018  0.2639  0.2364  0.0697  0.2768  0.2803  0.3456  0.3532  0.3532  0.1153  0.4540  0.4309  0.2298  0.001000
epoch:2 0.3838  0.4930  0.4537  0.2402  0.4804  0.4220  0.5577  0.5602  0.5602  0.3468  0.6648  0.5869  0.1805  0.001000
epoch:3 0.3394  0.4411  0.3923  0.2374  0.4198  0.3564  0.5093  0.5177  0.5177  0.3741  0.6048  0.4913  0.1652  0.001000
epoch:4 0.1576  0.2199  0.1877  0.1511  0.2415  0.0971  0.2527  0.2551  0.2551  0.2238  0.3740  0.1462  0.1644  0.001000
epoch:5 0.3564  0.4645  0.4238  0.2940  0.4671  0.3165  0.4489  0.4536  0.4536  0.3623  0.5720  0.4040  0.1629  0.001000
epoch:6 0.2385  0.3255  0.2765  0.1647  0.3241  0.2658  0.4005  0.4064  0.4064  0.2470  0.4833  0.4343  0.1584  0.001000
epoch:7 0.3335  0.4459  0.3906  0.3125  0.4382  0.2499  0.4353  0.4394  0.4394  0.3740  0.5582  0.3346  0.1532  0.001000
epoch:8 0.3830  0.4996  0.4499  0.2550  0.5020  0.3306  0.4831  0.4888  0.4888  0.3341  0.6173  0.4529  0.1539  0.001000
epoch:9 0.2747  0.3445  0.3108  0.1111  0.4224  0.2141  0.3378  0.3383  0.3383  0.1340  0.4897  0.2691  0.0839  0.000100
epoch:10 0.3582  0.4402  0.4030  0.1566  0.4953  0.3539  0.4244  0.4252  0.4252  0.1965  0.5790  0.4348  0.0707  0.000100
epoch:11 0.4200  0.5087  0.4734  0.1630  0.5501  0.4602  0.4896  0.4905  0.4905  0.1890  0.6444  0.5174  0.0659  0.000100
epoch:12 0.3577  0.4359  0.4087  0.1397  0.4925  0.3825  0.4219  0.4228  0.4228  0.1592  0.5720  0.4519  0.0626  0.000100
epoch:13 0.1931  0.2463  0.2238  0.0442  0.2940  0.1543  0.2348  0.2354  0.2354  0.0463  0.3389  0.1980  0.0602  0.000100
epoch:14 0.2975  0.3617  0.3423  0.0772  0.4318  0.3115  0.3525  0.3533  0.3533  0.0840  0.4911  0.3659  0.0578  0.000100
epoch:15 0.3925  0.4857  0.4441  0.1120  0.5164  0.4596  0.4575  0.4583  0.4583  0.1317  0.6057  0.5261  0.0558  0.000100
epoch:16 0.2441  0.3118  0.2798  0.0579  0.3741  0.2119  0.3054  0.3066  0.3066  0.0657  0.4446  0.2688  0.0544  0.000100
epoch:17 0.2500  0.3174  0.2921  0.0902  0.3811  0.2118  0.3008  0.3021  0.3021  0.1036  0.4317  0.2614  0.0532  0.000100
epoch:18 0.2254  0.2874  0.2518  0.0210  0.3257  0.2679  0.2754  0.2756  0.2756  0.0257  0.3729  0.3312  0.0466  0.000010
epoch:19 0.3541  0.4316  0.4057  0.1311  0.4724  0.3731  0.4157  0.4168  0.4168  0.1510  0.5523  0.4423  0.0450  0.000010
