epoch:0 0.0971  0.1427  0.1116  0.0798  0.1248  0.1345  0.3153  0.3218  0.3218  0.1953  0.3995  0.3782  0.6783  0.001000
epoch:1 0.2335  0.3097  0.2756  0.1586  0.2763  0.2770  0.4256  0.4365  0.4366  0.2545  0.5148  0.4520  0.2864  0.001000
epoch:2 0.2423  0.3187  0.2793  0.1962  0.3047  0.2539  0.4104  0.4157  0.4157  0.2954  0.5116  0.4221  0.2136  0.001000
epoch:3 0.2080  0.2589  0.2380  0.1927  0.2544  0.2246  0.3663  0.3706  0.3706  0.2754  0.4546  0.3372  0.1833  0.001000
epoch:4 0.0482  0.0777  0.0466  0.0861  0.0756  0.0437  0.0808  0.0832  0.0832  0.1196  0.1105  0.0590  0.1635  0.001000
epoch:5 0.2391  0.3415  0.2760  0.1766  0.3365  0.1955  0.3546  0.3616  0.3625  0.2143  0.4619  0.3198  0.2488  0.001000
epoch:6 0.1411  0.1944  0.1619  0.1143  0.2337  0.1017  0.2295  0.2327  0.2327  0.1348  0.3310  0.1879  0.1747  0.001000
epoch:7 0.1975  0.2848  0.2304  0.1905  0.2689  0.2202  0.3218  0.3297  0.3297  0.2568  0.4308  0.3333  0.1551  0.001000
epoch:8 0.2837  0.3871  0.3370  0.2348  0.3765  0.2511  0.3986  0.4055  0.4055  0.2891  0.4910  0.3983  0.1523  0.001000
epoch:9 0.1441  0.2051  0.1666  0.1283  0.2187  0.1295  0.2164  0.2179  0.2179  0.1912  0.3054  0.1723  0.0883  0.000100
