epoch:0 0.2076  0.2813  0.2407  0.1131  0.2511  0.2450  0.3602  0.3700  0.3700  0.1989  0.4262  0.4453  0.4959  0.001000
epoch:1 0.4058  0.5341  0.4676  0.2307  0.4724  0.4821  0.5600  0.5658  0.5658  0.3021  0.6472  0.6839  0.2076  0.001000
epoch:2 0.4501  0.5796  0.5206  0.2453  0.5018  0.4912  0.5642  0.5712  0.5712  0.2912  0.6416  0.6788  0.1775  0.001000
epoch:3 0.4442  0.5760  0.5101  0.2867  0.5348  0.4649  0.5810  0.5884  0.5884  0.4030  0.6795  0.5810  0.1600  0.001000
epoch:4 0.1856  0.2645  0.2100  0.1762  0.2540  0.1405  0.2451  0.2463  0.2463  0.2142  0.3232  0.2291  0.1505  0.001000
epoch:5 0.4327  0.5735  0.4956  0.3306  0.5294  0.4004  0.5491  0.5585  0.5589  0.4118  0.6461  0.5575  0.1518  0.001000
epoch:6 0.4103  0.5308  0.4796  0.3087  0.5011  0.4003  0.5486  0.5526  0.5526  0.3785  0.6365  0.5370  0.1740  0.001000
epoch:7 0.3823  0.5446  0.4406  0.3592  0.4698  0.3169  0.5242  0.5404  0.5404  0.4637  0.6073  0.4437  0.1613  0.001000
epoch:8 0.4127  0.5698  0.5003  0.3024  0.4916  0.4786  0.5453  0.5525  0.5525  0.3847  0.6464  0.5818  0.1446  0.001000
epoch:9 0.4147  0.5337  0.4665  0.2942  0.5226  0.3798  0.4755  0.4772  0.4772  0.3564  0.5837  0.4396  0.0827  0.000100
epoch:10 0.4441  0.5629  0.4939  0.2963  0.5523  0.4672  0.5124  0.5154  0.5154  0.3492  0.6203  0.5390  0.0675  0.000100
epoch:11 0.5185  0.6375  0.5743  0.2948  0.6097  0.6181  0.5820  0.5831  0.5831  0.3363  0.6760  0.6829  0.0632  0.000100
epoch:12 0.4573  0.5815  0.5088  0.2893  0.5762  0.4651  0.5264  0.5281  0.5281  0.3433  0.6397  0.5568  0.0601  0.000100
epoch:13 0.3794  0.4984  0.4249  0.2243  0.4953  0.4200  0.4371  0.4425  0.4425  0.2562  0.5534  0.4857  0.0578  0.000100
epoch:14 0.4040  0.5218  0.4429  0.2523  0.5220  0.3997  0.4647  0.4669  0.4669  0.2841  0.5710  0.4835  0.0554  0.000100
epoch:15 0.4486  0.5770  0.4897  0.2582  0.5573  0.5440  0.5117  0.5145  0.5145  0.3093  0.6171  0.6090  0.0543  0.000100
epoch:16 0.3519  0.4603  0.4010  0.2294  0.4760  0.3608  0.4069  0.4084  0.4084  0.2641  0.5244  0.4236  0.0523  0.000100
epoch:17 0.3359  0.4502  0.3736  0.2394  0.4593  0.3384  0.3883  0.3894  0.3894  0.2690  0.5027  0.3835  0.0510  0.000100
