epoch:0 0.2313  0.3108  0.2713  0.0987  0.2871  0.3750  0.4763  0.4841  0.4844  0.1975  0.5575  0.6314  0.5285  0.001000
epoch:1 0.2227  0.3132  0.2511  0.2360  0.2606  0.1806  0.3800  0.3842  0.3842  0.3720  0.4368  0.3311  0.2259  0.001000
epoch:2 0.3464  0.4574  0.4142  0.2559  0.3920  0.3576  0.4508  0.4570  0.4570  0.3514  0.5147  0.4618  0.1789  0.001000
epoch:3 0.3505  0.4712  0.4176  0.2624  0.4147  0.3284  0.4715  0.4790  0.4790  0.3697  0.5479  0.4421  0.1638  0.001000
epoch:4 0.3048  0.4465  0.3590  0.2527  0.3792  0.3346  0.4443  0.4482  0.4482  0.3701  0.5014  0.4635  0.1647  0.001000
epoch:5 0.3221  0.4184  0.3730  0.2733  0.3929  0.2845  0.4143  0.4176  0.4177  0.3480  0.4955  0.3754  0.1529  0.001000
epoch:6 0.3697  0.4929  0.4294  0.2070  0.4548  0.4565  0.4647  0.4732  0.4732  0.2695  0.5458  0.5521  0.1634  0.001000
epoch:7 0.2598  0.3609  0.3043  0.1888  0.3611  0.2813  0.3855  0.3934  0.3934  0.2677  0.4861  0.4155  0.1602  0.001000
epoch:8 0.3495  0.4738  0.4034  0.2233  0.4404  0.4088  0.4616  0.4678  0.4683  0.3227  0.5561  0.5150  0.1524  0.001000
epoch:9 0.3652  0.4598  0.4159  0.2742  0.4724  0.3494  0.4404  0.4459  0.4459  0.3189  0.5398  0.4191  0.0808  0.000100
