epoch:0 0.1207  0.1719  0.1372  0.0383  0.1312  0.1676  0.2838  0.2963  0.2963  0.0721  0.3018  0.4250  0.5738  0.001000
epoch:1 0.2320  0.3140  0.2745  0.0795  0.3076  0.2464  0.3710  0.3746  0.3746  0.1537  0.4526  0.3859  0.2389  0.001000
epoch:2 0.3677  0.4822  0.4296  0.2311  0.4184  0.4079  0.5282  0.5339  0.5339  0.3048  0.5854  0.5517  0.1906  0.001000
epoch:3 0.3557  0.4438  0.4124  0.2003  0.4504  0.3570  0.4769  0.4796  0.4796  0.2681  0.5901  0.4292  0.1688  0.001000
epoch:4 0.0944  0.1380  0.1155  0.0944  0.1463  0.0426  0.1383  0.1416  0.1416  0.1081  0.2015  0.0690  0.1598  0.001000
epoch:5 0.3639  0.4762  0.4311  0.2022  0.4559  0.3356  0.4902  0.4974  0.4975  0.2957  0.5804  0.4630  0.1517  0.001000
epoch:6 0.3440  0.4444  0.3951  0.1444  0.3927  0.3999  0.4528  0.4568  0.4569  0.2043  0.5037  0.4959  0.1596  0.001000
epoch:7 0.2770  0.3694  0.3169  0.2138  0.3327  0.2497  0.4261  0.4377  0.4378  0.3884  0.4999  0.3597  0.1525  0.001000
epoch:8 0.4243  0.5346  0.4956  0.2334  0.4897  0.4556  0.5392  0.5417  0.5417  0.2961  0.6159  0.5500  0.1624  0.001000
epoch:9 0.2993  0.3714  0.3437  0.1880  0.3756  0.2922  0.3863  0.3885  0.3885  0.2352  0.4529  0.3544  0.0838  0.000100
epoch:10 0.3403  0.4289  0.3817  0.1463  0.4130  0.3832  0.4206  0.4220  0.4220  0.1959  0.4956  0.4415  0.0708  0.000100
