epoch:0 0.2973  0.3908  0.3440  0.1579  0.3627  0.4461  0.5423  0.5486  0.5486  0.2633  0.6541  0.6600  0.4954  0.001000
epoch:1 0.2953  0.3995  0.3434  0.2873  0.3643  0.2601  0.4326  0.4354  0.4354  0.3805  0.5214  0.3664  0.2215  0.001000
epoch:2 0.3320  0.4277  0.3947  0.2258  0.4200  0.3762  0.4470  0.4510  0.4510  0.2896  0.5450  0.4639  0.1756  0.001000
epoch:3 0.2419  0.3315  0.2870  0.1620  0.3194  0.1877  0.4479  0.4672  0.4673  0.3333  0.5237  0.4821  0.1621  0.001000
epoch:4 0.2628  0.3803  0.2927  0.2781  0.3623  0.2275  0.4084  0.4180  0.4180  0.3856  0.5234  0.3456  0.1638  0.001000
epoch:5 0.3525  0.4650  0.4199  0.2552  0.4546  0.3564  0.4334  0.4438  0.4438  0.3038  0.5364  0.4510  0.1618  0.001000
epoch:6 0.3957  0.5210  0.4521  0.2845  0.4928  0.4443  0.4974  0.5080  0.5081  0.3430  0.5922  0.5614  0.1512  0.001000
epoch:7 0.2067  0.2904  0.2358  0.1794  0.3153  0.1871  0.3179  0.3304  0.3304  0.2787  0.4346  0.2988  0.1565  0.001000
epoch:8 0.3580  0.4905  0.4123  0.1925  0.4583  0.4491  0.5170  0.5283  0.5283  0.2828  0.6130  0.5933  0.1562  0.001000
epoch:9 0.3778  0.4828  0.4216  0.2536  0.4967  0.3919  0.4800  0.4878  0.4878  0.3012  0.5937  0.4993  0.0842  0.000100
epoch:10 0.4937  0.6108  0.5547  0.2549  0.5985  0.5625  0.5724  0.5750  0.5750  0.3048  0.6726  0.6298  0.0708  0.000100
epoch:11 0.5179  0.6318  0.5808  0.2454  0.6337  0.5868  0.5892  0.5920  0.5920  0.2870  0.7027  0.6524  0.0660  0.000100
epoch:12 0.3776  0.4805  0.4268  0.2164  0.5031  0.4431  0.4662  0.4724  0.4724  0.2527  0.5893  0.5219  0.0628  0.000100
epoch:13 0.5052  0.5998  0.5610  0.1505  0.6311  0.6256  0.5764  0.5799  0.5799  0.1906  0.7014  0.7069  0.0602  0.000100
epoch:14 0.3996  0.5042  0.4562  0.2013  0.5341  0.4640  0.4762  0.4826  0.4826  0.2503  0.5980  0.5305  0.0581  0.000100
epoch:15 0.2872  0.3755  0.3163  0.1344  0.4032  0.3122  0.3506  0.3561  0.3561  0.1653  0.4643  0.3889  0.0563  0.000100
epoch:16 0.4527  0.5589  0.5029  0.1823  0.5844  0.5586  0.5213  0.5288  0.5288  0.2095  0.6463  0.6290  0.0544  0.000100
epoch:17 0.4822  0.5909  0.5387  0.2115  0.6057  0.5617  0.5480  0.5556  0.5556  0.2412  0.6702  0.6295  0.0531  0.000100
epoch:18 0.2425  0.3247  0.2632  0.0652  0.3462  0.2843  0.2913  0.2949  0.2949  0.0813  0.3865  0.3411  0.0465  0.000010
epoch:19 0.4289  0.5421  0.4774  0.1511  0.5297  0.5168  0.4970  0.5016  0.5016  0.1877  0.6004  0.5723  0.0450  0.000010
