epoch:0 0.3533  0.4590  0.4087  0.1921  0.3851  0.4356  0.5273  0.5365  0.5365  0.2527  0.5844  0.6322  0.4745  0.001000
epoch:1 0.2907  0.3913  0.3313  0.2022  0.3144  0.2525  0.4093  0.4128  0.4128  0.2371  0.4419  0.3526  0.2155  0.001000
epoch:2 0.4535  0.5644  0.5270  0.2077  0.5149  0.4478  0.5660  0.5714  0.5714  0.3010  0.6478  0.6195  0.1752  0.001000
epoch:3 0.2570  0.3490  0.2932  0.1805  0.3226  0.2178  0.3954  0.4019  0.4020  0.2440  0.4537  0.3624  0.2461  0.001000
epoch:4 0.2762  0.3657  0.3296  0.2253  0.3618  0.2301  0.4274  0.4306  0.4306  0.3123  0.4999  0.3208  0.1753  0.001000
epoch:5 0.4133  0.5271  0.4871  0.2526  0.4843  0.4486  0.5139  0.5175  0.5175  0.3195  0.5953  0.5239  0.1573  0.001000
epoch:6 0.3660  0.4933  0.4279  0.1793  0.4440  0.4292  0.4794  0.4888  0.4892  0.2285  0.5492  0.5959  0.1541  0.001000
epoch:7 0.2477  0.3460  0.2965  0.1131  0.3262  0.2805  0.3437  0.3495  0.3495  0.1625  0.4184  0.3641  0.1517  0.001000
epoch:8 0.4354  0.5608  0.5035  0.1917  0.5089  0.4741  0.5488  0.5561  0.5561  0.2567  0.6345  0.6015  0.1692  0.001000
epoch:9 0.3787  0.4918  0.4230  0.2473  0.4890  0.3100  0.4503  0.4549  0.4549  0.2906  0.5540  0.3855  0.0878  0.000100
